   -1.0         0.8415
   -0.9         0.5710
   -0.8         0.3673
   -0.7         0.2210
   -0.6         0.1220
   -0.5         0.0599
   -0.4         0.0249
   -0.3         0.0080
   -0.2         0.0016
   -0.1         0.0001
    0.0         0.0000
    0.1         0.0001
    0.2         0.0016
    0.3         0.0080
    0.4         0.0249
    0.5         0.0599
    0.6         0.1220
    0.7         0.2210
    0.8         0.3673
    0.9         0.5710
    1.0         0.8415
    1.1         1.1862
    1.2         1.6106
    1.3         2.1169
    1.4         2.7041
    1.5         3.3665
    1.6         4.0943
    1.7         4.8720
    1.8         5.6795
    1.9         6.4907
    2.0         7.2744
    2.1         7.9942
    2.2         8.6089
    2.3         9.0730
    2.4         9.3376
    2.5         9.3511
    2.6         9.0605
    2.7         8.4121
    2.8         7.3537
    2.9         5.8351
    3.0         3.8102
    3.1         1.2387
    3.2        -1.9128
    3.3        -5.6689
    3.4       -10.0438
    3.5       -15.0398
    3.6       -20.6462
    3.7       -26.8378
    3.8       -33.5739
    3.9       -40.7976
    4.0       -48.4354
    4.1       -56.3965
    4.2       -64.5733
    4.3       -72.8416
    4.4       -81.0613
    4.5       -89.0774
    4.6       -96.7219
    4.7      -103.8150
    4.8      -110.1678
    4.9      -115.5846
    5.0      -119.8655
